w: [0.7715732356147866, 2.266410899636244, 8.6269254011715, 1.8244126393954838, 1.234017322352745, -1.504801575066598, 1.6812638268156523, -5.565887337480877, 5.374649797972328, 4.306889395496949, 2.9354483515425494, 9.553516930542273, 6.934803034233488]
bias: 0.424462051768