num_features: 10
w: [1.741380327666043, 1.7045693030457454, 1.800572874100721, 1.898612133815244, 1.8430676711215457, 1.8574974551690264, 1.8799880775935376, 1.9090911058661342, 1.9544052949323802, 1.9493691645943485]
bias: 0.00439403793578