num_features: 3
w: [-2.220446049250313e-16, 6.661338147750939e-16, -4.440892098500626e-16]
bias: 0.0