num_features: 3
w: [1.7739973441067411, 1.7279670728302177, 1.7419810469440176]
bias: 0.0119896988077